x	y	x1	y1	x2	y2	x3	y3
-30.01	10.48	8.22	-64.75	-84.11	-139.46	-34.95	-148.63
-30.01	10.48	8.22	-64.75	-84.11	-139.46	-34.95	-148.63
-28.04	14.49	10.21	-58.75	-86.12	-127.47	-41.94	-148.63
-28.07	14.5	10.19	-58.75	-86.12	-127.47	-41.94	-148.63
-19.07	22.49	23.19	-49.76	-78.13	-114.48	-46.93	-145.63
-19.06	26.48	24.21	-44.76	-78.15	-102.49	-41.92	-134.65
-19.04	26.46	24.21	-44.76	-78.16	-102.49	-41.92	-134.66
-17.07	27.46	28.21	-40.77	-66.15	-110.48	-18.93	-129.66
-17.07	27.46	28.21	-40.78	-66.15	-110.49	-18.93	-129.66
-14.07	28.46	44.21	-32.77	-9.95	-139.49	41.02	-130.22
-12.05	29.47	58.22	-18.77	70.34	-140.97	112.33	-118.26
-12.05	29.47	58.23	-18.77	72.51	-140.2	112.33	-118.26
-10.06	29.47	60.25	-16.77	91.54	-136.68	129.34	-118.3
-12.06	25.49	55.25	-22.79	86.61	-139.49	130.35	-132.28
-12.06	25.51	55.26	-22.8	87.31	-140.9	130.36	-132.25
-22.06	17.51	36.25	-40.8	58.12	-157.64	107.37	-143.25
-22.06	17.51	36.25	-40.8	59.53	-158.35	107.37	-143.24
-22.07	17.51	36.26	-37.81	49.12	-161.84	98.37	-143.25
-22.07	19.49	36.28	-36.82	40.54	-157.74	88.36	-143.26
-22.07	19.47	36.3	-36.84	39.84	-158.47	88.35	-143.27
-23.07	19.47	34.3	-38.83	25.42	-155.63	74.34	-145.28
-23.07	19.46	34.3	-38.81	24	-157.72	74.33	-145.28
-25.06	19.46	31.3	-39.82	15.39	-157.14	63.34	-146.27
-27.04	19.46	27.31	-41.82	2.57	-159.24	53.33	-146.26
-27.02	19.46	27.31	-41.82	1.16	-159.22	53.32	-146.25
-28.02	17.47	23.28	-44.83	-11.13	-159.16	38.33	-146.26
-28.02	17.47	23.25	-44.83	-13.95	-158.46	38.33	-146.26
-31.01	15.48	17.26	-47.82	-22.84	-156.29	26.32	-146.27
-33	13.5	13.28	-49.82	-36.66	-157.93	16.31	-146.27
-33.98	13.51	13.29	-49.81	-35.95	-157.23	16.3	-146.28
-34.98	11.52	10.29	-51.82	-45.95	-156.23	5.29	-146.28
-34.98	11.52	10.3	-51.83	-45.96	-156.23	5.28	-146.29
-33.99	11.52	7.31	-55.83	-55.97	-155.21	-5.73	-146.29
-33.99	7.53	6.32	-60.83	-69.96	-152.21	-19.73	-146.27
-34	7.53	6.33	-60.83	-69.95	-152.21	-19.73	-146.26
-34.99	5.52	5.33	-65.82	-79.95	-149.2	-30.2	-146
-34.99	5.51	5.32	-65.8	-79.94	-149.19	-30.19	-145.32
-35.01	6.52	3.3	-61.8	-89.05	-137.2	-40.21	-145.31
-33	9.52	4.3	-60.79	-90.41	-127.46	-48.22	-145.3
-33	9.51	4.29	-60.79	-90.42	-126.76	-48.23	-145.3
-28.01	13.52	11.29	-56.79	-91.66	-117.18	-57.23	-145.29
-28.01	13.51	11.29	-56.8	-91.66	-117.18	-57.23	-145.28
-25.02	14.51	15.28	-52.8	-90.66	-114.15	-60.24	-145.24
-24.03	16.52	17.26	-48.81	-90.66	-104.13	-52.25	-135.24
-24.04	16.52	17.25	-48.82	-90.67	-104.13	-52.27	-135.25
-24.03	20.52	23.22	-44.84	-78.66	-112.11	-30.56	-125.36
-22.02	22.53	38.23	-36.84	-24.66	-143.12	-20.26	-142.27
-22.03	22.53	38.23	-36.84	-24.66	-143.12	26.97	-128.18
-20.04	22.53	47.24	-28.86	29.34	-151.12	74.98	-125.18
-20.04	22.53	47.24	-28.87	29.34	-151.12	74.98	-125.18
-18.04	22.53	54.25	-23.86	69.34	-147.12	115.98	-125.19
-19.03	18.54	50.25	-28.87	78.85	-146.15	122.99	-134.21
-19.02	18.55	50.26	-28.88	78.85	-146.15	123.01	-134.23
-27.01	12.55	37.25	-40.87	59.86	-156.14	106.01	-139.26
-27.01	12.55	37.24	-40.85	59.87	-156.14	106.02	-139.29
-26.01	14.54	38.25	-36.87	50.88	-156.13	96.04	-142.27
-25	14.55	40.23	-36.88	40.88	-156.13	86.04	-139.32
-25	14.55	40.21	-36.89	40.89	-156.13	86.04	-139.37
-28.98	14.57	36.24	-37.89	25.68	-158.81	72.06	-142.36
-28.98	14.57	36.26	-37.88	26.38	-159.51	72.07	-142.36
-31.97	14.57	34.26	-39.88	13.56	-160.23	62.07	-142.36
-32.99	14.58	32.27	-40.87	1.54	-160.2	50.06	-142.36
-33.01	14.58	32.28	-40.86	1.53	-160.16	50.05	-142.37
-34.01	14.58	28.28	-42.86	-4.47	-160.15	44.07	-142.38
-34.01	14.59	28.28	-42.86	-4.47	-160.13	44.08	-142.38
-32.04	13.59	24.3	-44.86	-15.46	-160.1	34.07	-142.39
-36.05	13.59	18.32	-47.87	-30.45	-160.06	19.92	-143.47
-36.05	13.59	18.34	-47.87	-30.45	-160.02	19.92	-143.47
-38.06	11.59	14.35	-50.87	-40.45	-158.02	9.91	-143.49
-38.07	11.59	14.37	-50.86	-40.46	-158.02	9.91	-143.51
-40.07	9.59	10.38	-52.88	-51.46	-156.03	-1.09	-143.49
-42.07	6.6	6.39	-56.88	-64.47	-154.04	-15.09	-143.48
-42.06	6.6	6.4	-56.89	-64.48	-154.04	-15.1	-143.46
-41.07	5.6	4.41	-60.89	-74.49	-152.05	-26.08	-143.46
-41.07	5.6	4.41	-60.88	-74.49	-152.05	-26.07	-143.46
-42.07	1.6	1.4	-65.89	-86.71	-146.94	-37.07	-143.48
-44.06	3.59	-2.62	-65.9	-93.18	-142	-48.06	-143.5
-44.06	3.58	-2.65	-65.9	-93.18	-142	-48.05	-143.53
-44.06	5.58	-6.66	-65.86	-102.18	-134.02	-59.05	-143.53
-46.04	5.59	-10.65	-65.82	-109.18	-130.02	-68.06	-143.53
-46.02	5.6	-10.65	-65.78	-109.18	-130.02	-68.06	-143.54
-47.99	7.61	-12.65	-65.74	-115.16	-126.02	-77.06	-143.55
-48.96	7.61	-12.66	-65.69	-115.17	-126.02	-77.06	-143.56
-47.97	7.6	-12.67	-64.69	-119.15	-122.02	-84.06	-143.57
-45.95	8.61	-9.67	-59.69	-117.15	-116.02	-93.06	-143.58
-45.93	8.61	-9.67	-59.69	-117.14	-116.02	-93.05	-143.59
-41.92	11.62	-3.65	-52.7	-115.7	-102.11	-94.04	-136.61
-41.9	11.62	-3.65	-52.7	-115	-99.29	-94.04	-136.6
-40.88	13.63	-0.65	-50.68	-112.01	-95.97	-80.03	-132.59
-38.88	17.61	6.35	-48.65	-100.01	-103.98	-53.62	-127.28
-38.88	17.6	6.35	-48.65	-100.01	-103.98	-52.92	-130.8
-38.88	17.6	24.35	-41.65	-67.01	-111.94	-1.59	-131.71
-38.88	17.6	24.34	-41.65	-67.01	-111.94	2.64	-127.48
-33.88	19.59	38.35	-32.66	8.66	-150.97	51.36	-128.88
-29.87	19.6	50.37	-22.64	57.68	-144.54	96.37	-119.88
-29.87	19.6	50.38	-22.62	57.68	-144.54	96.38	-119.88
-31.89	15.6	50.37	-26.61	85.68	-144.52	127.38	-128.83
-31.91	15.59	50.36	-26.6	85.68	-144.51	127.39	-128.78
-33.91	11.59	39.35	-37.6	65.45	-157.19	110.4	-140.79
-37.89	11.59	35.35	-37.6	54.46	-157.24	101.39	-142.76
-37.87	11.59	35.35	-37.59	54.47	-157.28	101.37	-142.73
-33.87	15.58	38.35	-35.59	45.45	-158.28	91.36	-142.7
-33.87	15.58	38.36	-35.59	45.44	-158.28	91.34	-142.68
-37.84	16.58	37.35	-36.58	31.43	-159.27	77.33	-142.67
-39.8	17.59	34.36	-36.58	20.42	-159.27	66.33	-142.66
-39.76	17.6	34.36	-36.59	20.42	-159.26	66.33	-142.65
-39.73	17.61	31.36	-38.6	9.42	-159.26	55.34	-142.64
-39.71	17.62	31.37	-38.61	9.42	-159.26	55.36	-142.63
-37.68	19.62	26.37	-40.63	-4.6	-159.25	41.37	-142.64
-36.67	17.62	22.39	-43.63	-16.58	-157.28	31.36	-142.65
-36.67	17.61	22.4	-43.63	-16.57	-157.31	31.35	-142.65
-38.68	15.61	19.39	-45.63	-26.57	-157.33	21.34	-142.67
-41.67	13.61	14.4	-48.63	-39.58	-157.32	9.32	-142.69
-41.67	13.61	14.4	-48.63	-39.58	-157.31	9.3	-142.71
-43.66	11.61	10.43	-52.63	-53.58	-155.31	-5.7	-142.73
-43.66	11.6	10.45	-52.64	-53.57	-155.3	-5.71	-142.75
-44.65	8.61	8.48	-56.63	-63.57	-153.3	-16.7	-142.78
-44.65	6.61	6.46	-60.64	-72.58	-153.28	-26.71	-142.82
-44.65	6.6	6.44	-60.65	-72.59	-153.26	-26.71	-142.86
-46.65	4.61	1.44	-62.65	-82.6	-149.26	-37.71	-142.91
-46.65	4.61	1.44	-62.64	-82.61	-149.26	-37.7	-142.96
-49.65	6.62	-4.56	-62.61	-95.84	-140.09	-49.29	-142.78
-52.64	6.63	-8.57	-62.59	-103.85	-136.06	-58.29	-142.76
-52.62	6.64	-8.58	-62.57	-103.85	-136.02	-58.3	-142.75
-47.63	10.62	-12.6	-62.54	-111.86	-132	-69.3	-142.74
-47.63	10.61	-12.62	-62.51	-111.87	-131.99	-69.3	-142.74
-48.64	10.6	-15.61	-62.48	-117.86	-127.99	-78.3	-142.75
-50.65	10.6	-18.63	-61.49	-124.86	-123.98	-88.3	-142.74
