x	y	x	y	x	y	x	y
107.31	205.98	114.71	160.34	57.04	98.44	61.67	46.87
107.3	205.98	114.71	160.34	56.04	99.43	61.67	46.87
106.33	205.98	113.7	160.34	54.06	99.44	59.67	46.87
108.31	204.98	114.73	159.34	56.05	99.44	60.67	46.86
108.29	204.99	114.75	159.33	56.05	99.43	60.67	46.85
111.25	202	118.76	157.33	58.07	99.4	62.65	46.83
111.21	202.01	118.76	157.32	58.09	99.37	62.64	46.81
116.19	198	124.77	152.33	62.08	99.34	65.65	46.78
126.2	189	137.77	146.33	70.07	99.31	73.64	42.77
126.21	189.01	137.77	146.34	70.06	99.29	73.64	42.77
141.2	180.01	155.78	142.35	89.06	95.32	89.63	38.77
141.19	180.01	155.78	142.36	88.06	96.32	89.63	38.77
156.19	174.01	172.79	142.35	110.07	96.27	107.64	38.78
172.21	170	191.78	141.33	132.04	93.24	127.63	38.78
172.22	169.99	191.78	141.33	131.05	94.2	127.62	38.78
196.21	163.99	217.78	140.34	159.05	94.09	152.62	38.77
196.2	163.98	217.78	140.35	159.05	93.98	152.63	38.75
213.2	161.98	237.78	141.36	177.09	90.99	175.64	38.72
226.17	161.98	251.76	142.36	190.11	91.94	193.62	37.72
226.14	161.97	251.74	142.35	190.13	91.89	193.6	37.71
233.11	161.97	259.72	142.35	195.15	89.92	200.61	36.7
233.08	161.97	259.71	142.35	195.17	89.95	200.61	36.69
225.04	163.96	251.72	142.34	185.16	91.93	193.63	36.69
210.04	164.96	235.73	141.32	169.17	91.93	181.62	37.69
210.03	164.95	235.74	141.3	169.17	91.92	181.61	37.69
197.03	165.95	221.74	140.31	154.19	91.91	168.61	38.68
189.02	167.94	211.76	140.31	143.18	91.9	157.61	38.68
189.02	167.93	211.77	140.31	143.18	91.89	157.6	38.67
181.02	167.94	203.75	141.29	131.18	91.86	143.6	38.64
181.02	167.94	203.73	141.28	131.18	91.83	143.6	38.61
174.03	169.95	194.73	141.27	122.16	91.8	132.61	38.58
164.02	173.94	183.7	142.26	110.15	91.8	119.62	38.55
163.03	173.93	183.67	142.25	110.13	91.8	119.63	38.53
153.03	176.92	172.66	143.24	97.13	91.86	106.64	38.51
153.03	176.92	172.65	143.24	97.13	91.91	106.65	38.49
145.05	179.92	163.65	145.22	87.14	92.94	96.65	38.47
141.04	182.92	157.65	146.22	81.16	92.95	91.66	38.46
141.04	182.92	157.65	146.22	81.18	92.97	91.67	38.45
137.04	184.92	152.68	147.23	78.16	93.01	89.65	39.45
137.03	184.92	152.7	147.23	78.13	93.05	89.63	39.45
132.03	187.93	146.7	149.23	73.14	93.12	85.62	39.46
128	190.93	141.71	151.23	68.15	94.11	81.61	42.46
127.97	190.92	141.71	151.22	68.16	94.1	81.61	42.46
124.99	191.92	138.72	151.24	66.15	94.1	79.6	43.45
125	191.92	138.73	151.25	66.14	94.1	79.59	43.44
120.97	193.93	133.72	153.25	61.14	94.14	73.6	47.4
117.95	195.93	129.73	155.26	58.14	95.18	71.61	47.36
117.93	195.93	129.74	155.27	58.14	95.22	71.63	47.32
115.94	196.93	128.74	156.28	58.13	95.26	71.63	47.28
115.95	196.93	128.73	156.29	58.12	95.31	71.63	47.24
114.99	196.93	127.73	156.3	58.11	95.37	71.62	47.21
115.02	196.92	127.73	156.31	58.13	95.43	71.6	47.17
115.04	196.92	127.74	156.31	58.16	95.49	71.59	47.14
115.02	197.92	126.73	157.31	59.15	94.55	71.58	47.11
114.99	197.92	126.72	157.31	59.14	94.62	71.58	47.09
112.99	197.93	125.7	157.31	58.12	96.59	69.59	47.07
112.99	196.94	125.68	157.31	57.14	96.58	69.57	47.05
112.99	196.95	126.66	157.31	57.16	96.56	69.56	47.03
116.97	194.95	129.65	154.31	60.19	96.53	71.54	47
117.98	192.95	131.65	153.31	62.2	96.5	72.54	46.96
118	192.94	131.64	153.31	62.21	96.46	72.53	46.93
122.99	188.94	136.64	150.32	66.23	97.44	74.53	46.88
122.98	188.94	136.64	150.32	66.25	97.42	74.54	46.84
131.01	182.95	146.63	147.31	74.27	97.39	80.54	38.86
143.99	177.95	160.64	144.31	91.26	95.4	93.53	38.87
143.97	177.94	160.65	144.3	91.24	95.41	93.52	38.87
162.95	170.94	182.64	141.31	116.23	93.29	113.53	38.88
162.94	170.94	182.64	141.31	116.23	94.23	113.54	38.88
177.95	166.94	199.64	140.32	134.2	94.04	129.54	38.86
196.96	162.94	220.62	140.33	154.2	92.98	151.55	38.83
196.96	162.94	220.61	140.34	154.2	92.92	151.55	38.8
210.93	160.94	235.59	141.32	168.22	90.96	169.54	36.81
210.9	160.95	235.57	141.3	168.22	90.96	169.53	36.81
216.89	160.95	242.55	140.3	174.19	90.95	175.53	35.82
212.89	162.93	239.54	140.3	168.2	90.98	175.5	36.81
212.9	162.92	239.53	140.29	168.2	91	175.48	36.79
202.89	162.91	227.53	139.3	156.22	92	163.49	36.79
202.88	162.91	227.53	139.3	156.23	91.99	163.5	36.79
187.85	164.9	210.53	139.31	139.23	92	147.5	37.79
179.85	166.89	202.51	139.31	129.21	92.03	136.5	37.79
179.85	166.88	202.49	139.32	129.19	92.06	136.5	37.79
173.83	166.89	194.5	139.33	119.18	92.08	126.49	37.78
173.81	166.89	194.51	139.34	119.16	92.1	126.48	37.78
164.81	168.9	185.49	140.34	108.18	92.13	115.49	37.78
154.82	172.89	174.49	141.34	97.19	93.07	105.49	38.74
154.82	172.89	174.5	141.34	97.2	93.01	105.48	38.7
147.82	174.9	166.48	142.34	89.19	93.01	97.48	38.67
147.82	174.91	166.47	142.34	89.17	93.01	97.47	38.64
141.81	178.91	158.47	144.34	82.15	95	89.49	38.61
134.8	182.9	150.48	146.33	73.17	96.07	83.48	38.6
134.8	182.89	150.49	146.33	73.19	96.13	83.48	38.59
130.78	184.9	145.5	147.33	69.19	96.25	79.48	38.59
126.76	187.89	140.52	149.33	64.21	96.39	76.48	38.6
126.74	187.89	140.54	149.32	64.22	96.54	76.48	38.61
120.76	190.88	134.55	151.32	60.21	98.54	71.5	42.6
120.77	190.88	134.55	151.31	60.21	98.54	71.51	42.59
115.77	193.88	128.55	153.32	54.21	98.58	66.51	46.54
112.74	195.89	124.55	155.31	52.19	98.63	63.53	46.51
112.71	195.9	124.55	155.3	52.16	98.68	63.55	46.47
110.72	196.91	122.56	157.29	51.16	101.67	63.54	46.44
110.72	196.91	122.58	157.29	51.15	101.66	63.54	47.41
109.72	197.92	122.55	157.31	51.14	101.66	63.54	47.38
107.73	199.92	119.55	159.3	50.13	102.64	62.52	47.35
107.73	199.92	119.54	159.3	50.12	102.63	62.51	47.33
105.74	200.93	116.55	159.31	48.11	102.62	60.5	47.31
105.75	200.94	116.56	159.32	48.1	102.62	60.49	47.3
104.73	202.95	114.56	161.32	45.1	102.61	58.5	47.3
102.72	203.95	112.56	161.33	44.1	102.62	57.48	47.3
102.72	203.95	112.55	161.34	44.1	102.63	57.46	47.3
102.72	203.95	112.55	161.35	44.1	102.63	56.44	47.29
102.71	203.96	112.54	161.36	44.09	102.64	56.43	47.29
104.7	202.96	114.53	160.37	46.09	102.64	57.41	47.28
105.71	200.97	116.54	159.37	48.09	102.64	58.41	47.26
105.72	200.98	116.54	159.37	48.09	102.64	58.41	47.24
107.71	199.98	118.53	157.38	49.09	102.63	59.39	47.21
107.71	199.99	118.51	157.4	49.09	102.62	59.37	47.18
111.69	194.99	122.51	153.41	51.08	102.6	59.36	47.14
120.68	188.99	132.5	149.42	58.07	101.62	65.36	43.14
120.66	188.99	132.48	149.43	58.06	101.64	65.36	43.13
134.69	179.99	149.48	145.43	77.05	98.66	81.37	39.14
134.72	179.99	149.49	145.43	77.03	98.69	81.38	39.14
152.7	172.99	171.5	143.42	102.03	98.67	105.37	39.14
170.7	167.99	192.52	141.43	128.02	98.63	128.38	39.14
